image: apartment_2026.pgm
resolution: 0.025000
origin: [-9.903988, -19.423667, 0.000000]
negate: 0
occupied_thresh: 0.65
free_thresh: 0.196

