image: clf_coffee_kitchen_challenge_24.pgm
resolution: 0.025000
origin: [-8.965355, -20.911353, 0.000000]
negate: 0
occupied_thresh: 0.65
free_thresh: 0.196

