image: clf_hl.pgm
resolution: 0.025000
origin: [-6.104650, -13.544951, 0.000000]
negate: 0
occupied_thresh: 0.65
free_thresh: 0.196

