image: cologne2026_raw.pgm
resolution: 0.025000
origin: [-8.792814, -22.329406, 0.000000]
negate: 0
occupied_thresh: 0.65
free_thresh: 0.196

