image: csra_study_hri_ue.pgm
resolution: 0.025000
origin: [-3.314851, -11.286784, 0.000000]
negate: 0
occupied_thresh: 0.65
free_thresh: 0.196

