image: homecoming_26_obs.pgm
resolution: 0.025000
origin: [-23.514022, -10.680374, 0.000000]
negate: 0
occupied_thresh: 0.65
free_thresh: 0.196

