image: homecoming_25.pgm
resolution: 0.025000
origin: [-21.648139, -10.456325, 0.000000]
negate: 0
occupied_thresh: 0.65
free_thresh: 0.196

