image: /home/pal/map_1743176052.pgm
resolution: 0.025000
origin: [-8.346240, -12.646045, 0.000000]
negate: 0
occupied_thresh: 0.65
free_thresh: 0.196

